0 681
0 565
0 87
0 16
0 72
0 222
1 363
1 558
1 300
1 783
1 683
1 618
1 806
1 686
1 780
2 405
2 59
2 750
2 231
2 323
3 272
3 368
3 491
3 409
3 734
3 490
3 216
3 21
3 55
3 56
3 67
3 189
3 301
3 316
3 443
3 475
3 602
3 706
4 387
4 196
4 634
4 475
4 802
4 490
4 35
4 133
4 20
4 419
4 524
5 578
5 562
5 46
5 301
5 714
5 642
5 567
5 489
5 643
5 260
5 314
6 489
6 46
6 69
6 706
6 801
7 128
7 166
7 504
8 377
8 706
9 363
9 42
9 780
9 612
9 806
10 414
10 90
11 451
11 324
11 750
11 295
11 414
11 477
11 520
11 778
11 799
12 787
12 273
13 500
13 550
14 413
14 190
14 407
14 634
14 618
14 806
14 370
14 709
14 286
14 133
14 106
14 157
14 73
14 242
14 748
15 49
16 108
16 178
16 734
17 221
17 441
17 558
17 131
17 785
18 500
18 532
18 688
19 640
20 79
20 570
20 242
20 607
20 634
20 491
20 806
20 706
20 709
20 490
20 141
20 317
20 133
20 561
21 41
21 288
21 786
21 125
21 345
21 215
21 183
21 108
21 282
21 534
21 150
21 90
21 543
21 757
21 191
21 491
21 153
21 133
21 177
21 651
21 55
21 273
21 573
21 714
21 308
21 260
21 767
21 251
21 493
21 735
21 602
21 67
21 368
21 409
21 316
21 787
21 422
21 550
21 706
21 301
21 490
21 29
21 184
21 640
21 489
21 54
21 56
21 170
21 190
21 269
21 330
21 351
21 377
21 403
21 426
21 487
21 563
21 614
21 636
21 652
21 744
21 755
21 792
22 561
22 83
22 263
22 342
23 62
23 599
23 337
24 141
24 355
25 323
25 177
26 317
26 780
26 806
26 470
26 260
26 312
26 642
26 798
27 484
28 549
28 431
28 349
29 272
29 67
29 368
29 634
29 806
29 183
29 533
29 227
29 553
29 640
29 133
29 316
29 489
29 602
29 744
30 409
30 120
30 811
30 90
30 800
31 133
31 79
31 216
31 298
31 141
31 176
31 325
31 404
31 741
32 179
32 708
33 90
33 739
34 490
34 809
34 58
34 638
35 634
35 482
35 507
36 391
37 665
37 213
37 165
37 93
37 457
37 454
38 74
38 227
38 230
38 355
39 612
40 310
40 399
41 67
41 651
41 787
41 587
41 533
41 205
41 251
41 493
41 73
41 193
41 316
41 540
41 543
41 575
41 792
42 363
42 618
42 240
42 806
42 104
42 590
42 410
43 154
43 63
43 562
43 771
43 494
43 265
43 709
43 278
43 589
43 317
43 133
43 127
43 142
43 242
43 246
43 271
43 447
43 588
43 741
44 758
44 569
44 667
45 409
45 316
45 787
45 706
45 257
45 405
45 91
45 614
45 188
45 635
45 126
45 489
45 118
46 602
46 562
46 642
46 62
46 493
46 489
46 643
46 65
46 120
46 126
46 377
46 409
46 475
46 529
46 557
46 571
46 694
46 706
46 801
47 491
47 111
47 415
48 77
48 578
49 655
49 787
49 269
49 652
49 170
49 301
49 734
49 405
49 273
49 107
49 540
49 153
49 260
49 133
49 233
49 543
49 528
50 611
50 770
51 154
52 248
52 452
52 347
52 372
52 522
52 713
53 286
53 638
53 513
54 388
54 806
54 640
54 83
54 183
54 409
55 602
55 394
55 391
55 787
55 273
55 91
55 251
55 257
56 79
56 361
56 392
56 801
56 759
56 721
56 475
56 645
56 183
56 490
56 216
56 426
56 141
56 460
56 133
56 251
56 254
56 406
57 743
57 132
57 269
57 681
58 783
58 221
58 780
58 372
58 547
59 186
59 562
59 699
59 262
59 350
59 219
59 295
59 368
59 381
59 498
59 694
59 750
59 763
60 780
61 653
62 317
62 193
62 289
62 489
62 642
63 541
63 242
63 69
63 562
63 518
63 776
63 475
63 265
63 771
63 278
63 561
63 133
63 127
63 174
63 291
63 336
63 360
63 399
63 430
63 494
63 524
63 529
63 540
63 602
63 631
63 779
64 135
64 156
64 776
64 370
64 399
64 182
64 194
64 478
64 811
65 657
66 308
66 760
66 614
66 651
67 345
67 652
67 183
67 589
67 317
67 543
67 529
67 562
67 491
67 753
67 153
67 133
67 193
67 734
67 573
67 709
67 308
67 810
67 216
67 567
67 351
67 493
67 735
67 602
67 655
67 368
67 787
67 301
67 176
67 706
67 503
67 579
67 73
67 200
67 213
67 269
67 311
67 405
67 533
67 540
67 585
67 651
67 685
67 726
67 727
67 744
68 565
68 100
68 526
68 138
68 805
69 235
69 447
69 163
69 183
69 257
69 249
69 361
69 562
69 91
69 141
69 133
69 402
69 702
69 106
69 79
69 409
69 475
69 422
69 265
69 706
69 624
69 489
69 216
69 278
69 327
69 368
69 377
69 397
69 414
69 434
69 496
69 509
69 636
69 721
69 736
69 741
69 754
69 761
70 550
70 551
71 99
71 484
71 109
72 602
72 750
72 108
72 454
72 764
72 543
73 655
73 368
73 280
73 409
73 491
73 316
73 734
73 706
73 301
73 273
73 647
73 133
73 251
73 119
73 757
73 542
74 248
74 720
74 513
74 229
74 485
74 116
74 301
74 531
74 286
74 411
74 216
74 221
74 372
74 809
74 245
74 577
75 356
75 245
76 542
76 739
77 555
78 722
78 547
78 780
78 719
78 673
78 372
79 133
79 388
79 368
79 786
79 183
79 624
79 216
79 640
79 141
79 106
79 92
79 127
79 235
79 249
79 251
79 325
79 377
79 380
79 409
79 422
79 426
79 475
79 494
79 729
80 128
80 543
81 436
81 668
82 229
83 135
83 298
83 776
83 806
83 104
83 254
83 133
83 317
83 371
83 407
83 478
83 524
83 589
84 277
85 211
85 435
85 269
85 734
85 644
85 301
85 663
85 94
85 153
85 554
85 222
85 456
85 537
86 316
86 537
86 571
86 735
87 267
87 408
87 780
87 687
88 361
88 728
88 406
88 460
88 426
89 433
89 796
89 225
89 790
89 449
89 390
89 565
90 272
90 666
90 655
90 368
90 409
90 125
90 438
90 550
90 301
90 706
90 94
90 153
90 640
90 314
90 780
90 118
90 185
90 295
90 345
90 384
90 495
90 515
90 534
90 623
90 811
91 801
91 562
91 409
91 491
91 748
91 316
91 706
91 505
91 301
91 540
91 216
91 654
91 141
91 193
91 368
91 369
91 395
91 475
91 493
91 583
91 787
92 336
92 368
92 491
92 183
92 426
92 260
92 358
93 665
93 457
93 454
94 459
94 677
94 550
94 257
94 133
94 688
94 301
94 339
94 369
94 445
94 500
94 602
94 667
94 715
94 768
94 779
95 729
96 808
97 510
98 229
98 227
98 372
98 410
99 707
99 535
100 203
100 253
100 108
100 689
100 526
100 549
100 320
100 688
100 208
100 349
100 519
100 598
100 657
101 372
101 463
101 482
102 465
103 796
103 481
104 713
104 267
104 223
104 338
104 607
104 703
104 116
104 771
104 745
104 141
104 355
104 612
104 238
104 298
104 318
104 407
104 475
104 490
104 592
104 634
104 653
104 722
104 811
105 133
105 409
105 490
105 324
105 667
105 181
106 133
106 409
106 475
106 183
106 640
106 141
106 569
106 152
106 216
106 308
106 368
106 388
106 786
106 803
107 655
107 657
107 436
107 706
107 216
108 181
108 539
108 184
108 349
109 780
109 484
110 229
111 415
111 772
112 626
112 565
113 311
114 640
114 810
114 358
114 491
115 301
115 750
115 427
115 584
115 133
115 181
115 632
116 223
116 122
116 277
116 248
116 485
116 618
116 227
116 355
116 612
117 638
117 372
118 734
118 706
118 615
118 316
118 557
118 572
118 614
120 133
120 330
120 409
120 301
120 465
120 679
120 614
120 314
120 643
120 811
120 489
120 630
120 782
121 165
121 229
121 554
122 227
122 312
122 452
123 417
123 750
124 409
124 450
124 628
124 329
125 185
125 724
125 544
125 263
125 301
125 271
125 629
125 216
125 133
125 676
125 193
125 380
125 571
125 642
126 685
126 696
126 642
126 467
126 260
126 543
127 265
128 166
129 516
130 133
130 495
130 688
130 543
130 663
131 408
131 300
131 521
131 478
131 294
131 780
131 252
132 681
133 722
133 343
133 750
133 242
133 607
133 562
133 417
133 806
133 654
133 561
133 141
133 399
133 211
133 154
133 228
133 273
133 271
133 365
133 251
133 780
133 174
133 368
133 787
133 409
133 490
133 427
133 640
133 157
133 161
133 169
133 176
133 181
133 183
133 185
133 190
133 202
133 216
133 263
133 272
133 274
133 294
133 298
133 301
133 329
133 336
133 345
133 355
133 367
133 371
133 372
133 377
133 380
133 387
133 397
133 407
133 408
133 422
133 432
133 434
133 445
133 475
133 479
133 480
133 488
133 489
133 491
133 494
133 496
133 510
133 529
133 532
133 537
133 540
133 543
133 544
133 550
133 556
133 564
133 567
133 579
133 589
133 602
133 605
133 606
133 632
133 634
133 662
133 695
133 706
133 713
133 720
133 724
133 745
133 748
133 758
133 777
133 802
133 807
134 193
134 337
134 443
134 472
135 776
135 371
135 806
135 141
135 333
135 527
135 529
136 518
136 562
136 729
136 221
136 780
136 809
136 649
137 466
137 734
138 805
138 565
139 446
139 472
139 543
139 264
140 810
140 657
140 501
140 613
141 634
141 254
141 242
141 607
141 491
141 783
141 806
141 514
141 676
141 154
141 618
141 216
141 741
141 194
141 780
141 174
141 407
141 368
141 409
141 475
141 490
141 640
141 157
141 183
141 193
141 251
141 260
141 301
141 325
141 338
141 352
141 355
141 377
141 397
141 427
141 434
141 480
141 589
141 645
141 662
142 605
142 183
142 483
142 493
142 570
142 811
143 405
144 261
144 558
144 336
144 513
144 686
144 780
145 149
145 490
145 569
145 411
146 599
146 348
146 260
146 287
147 258
147 188
147 564
148 221
149 479
150 579
150 348
150 256
150 273
150 368
150 786
150 787
151 520
151 811
152 172
152 242
152 407
152 788
153 787
153 652
153 287
153 213
153 273
153 264
153 504
153 701
153 543
153 170
153 260
153 301
153 345
153 587
153 727
154 211
154 368
154 494
154 301
154 490
154 411
154 216
154 567
154 588
154 430
154 399
154 787
154 811
155 611
155 351
155 593
156 185
156 314
156 695
156 399
156 811
157 634
157 491
157 561
157 780
157 407
158 273
159 492
160 335
160 269
160 504
160 808
161 242
161 531
161 317
161 561
161 355
161 368
161 409
161 434
161 514
162 409
162 589
162 569
162 491
162 442
162 580
162 691
163 302
163 216
163 562
163 249
163 642
163 741
164 268
164 677
164 225
164 253
164 504
164 359
164 688
164 184
164 411
164 488
164 532
164 565
164 575
164 613
165 199
165 213
165 810
165 599
165 457
165 554
166 421
166 293
166 750
166 405
166 682
166 308
166 457
166 504
166 688
166 400
166 565
166 739
167 657
167 382
167 746
168 787
168 493
168 188
168 706
168 257
169 257
170 260
170 233
171 640
173 670
174 713
174 242
174 592
174 193
174 371
174 802
174 317
174 503
174 196
174 271
174 311
174 325
174 407
174 540
174 603
174 614
174 734
174 763
175 446
175 755
175 316
175 743
176 298
176 368
176 491
176 273
176 216
176 640
176 741
176 251
176 409
176 645
176 706
177 323
177 801
179 339
179 386
179 456
179 688
180 620
180 455
180 259
180 632
180 609
180 627
181 417
181 632
181 273
181 750
181 427
181 567
181 260
181 301
182 529
182 562
182 512
182 668
182 474
182 784
183 368
183 409
183 787
183 475
183 316
183 215
183 426
183 216
183 254
183 360
183 377
183 570
183 605
183 714
183 726
183 741
184 269
184 644
184 301
184 504
184 804
185 314
186 262
186 189
186 534
186 593
187 197
188 807
188 706
188 308
188 462
188 678
189 591
189 504
189 271
189 688
190 716
190 422
190 634
191 787
191 489
191 573
191 377
191 540
191 571
191 660
192 555
192 678
192 760
193 215
193 317
193 679
193 562
193 561
193 238
193 642
193 216
193 557
193 351
193 251
193 493
193 741
193 738
193 706
193 257
193 434
193 475
193 512
193 614
193 727
193 787
193 811
194 531
194 317
194 806
194 527
194 760
194 811
195 752
195 377
195 477
195 344
196 503
197 272
197 408
197 244
197 355
197 543
197 341
197 398
197 688
198 806
198 508
199 795
199 753
199 343
199 205
199 762
199 661
199 599
199 251
199 316
199 324
199 540
199 543
199 554
199 640
200 368
200 409
200 624
200 490
200 216
200 311
200 640
200 443
200 656
200 496
200 601
200 651
200 760
201 307
201 680
202 763
203 708
204 211
204 619
204 720
204 535
204 783
204 294
204 780
204 794
205 661
205 316
206 493
206 308
207 801
207 294
207 289
207 395
209 550
209 320
209 526
209 682
210 706
211 277
211 558
211 720
211 535
211 513
211 783
211 221
211 780
211 261
211 683
212 260
213 491
213 652
213 810
213 216
213 543
213 323
213 665
214 264
215 489
215 562
215 216
215 404
215 409
215 475
215 490
215 552
215 614
215 741
216 235
216 552
216 404
216 249
216 757
216 607
216 532
216 491
216 406
216 311
216 496
216 702
216 308
216 260
216 443
216 741
216 298
216 368
216 409
216 787
216 316
216 422
216 475
216 395
216 301
216 624
216 639
216 503
216 640
216 489
216 358
216 251
216 257
216 289
216 302
216 314
216 325
216 326
216 330
216 367
216 369
216 379
216 399
216 426
216 427
216 428
216 434
216 445
216 479
216 490
216 493
216 515
216 543
216 567
216 580
216 589
216 601
216 605
216 645
216 655
216 683
216 694
216 701
216 706
216 750
216 769
216 786
217 250
217 505
218 271
218 602
218 584
218 381
218 688
219 451
219 750
219 239
219 670
220 765
221 294
221 226
221 780
221 312
221 783
222 672
222 644
222 400
222 689
223 618
223 482
224 296
224 712
225 340
225 449
225 504
226 277
226 547
226 294
226 517
226 783
227 363
227 558
227 248
227 408
227 484
227 229
227 806
227 686
227 723
227 372
227 507
228 365
228 440
228 236
229 408
229 806
229 286
229 484
229 266
229 372
231 696
231 467
232 808
232 655
232 743
232 801
234 675
234 472
235 422
235 741
235 249
235 302
236 365
237 333
238 734
239 670
240 618
240 806
240 634
241 314
241 311
241 474
242 747
242 525
242 562
242 397
242 748
242 337
242 806
242 371
242 506
242 589
242 490
242 561
242 388
242 402
242 407
242 409
242 434
242 494
242 556
242 691
242 706
242 713
243 481
244 272
244 306
244 534
244 688
244 690
245 513
245 286
245 561
245 780
245 356
246 802
246 278
247 352
247 788
247 460
248 408
248 513
248 722
248 452
248 719
248 286
248 638
248 553
248 372
248 783
249 607
249 422
249 654
249 640
249 699
251 302
251 563
251 532
251 491
251 669
251 273
251 727
251 377
251 751
251 523
251 407
251 677
251 301
251 706
251 490
251 640
251 257
251 260
251 316
251 360
251 368
251 426
251 434
251 494
251 496
251 528
251 557
251 586
251 652
251 656
251 682
251 744
252 451
252 521
253 657
253 542
253 565
253 575
253 616
253 688
254 392
254 759
254 721
254 406
254 460
255 781
255 552
256 287
256 325
256 368
256 471
256 640
257 570
257 418
257 409
257 787
257 550
257 669
257 475
257 706
257 585
257 543
257 369
257 445
257 456
257 489
257 540
257 554
257 635
257 688
257 727
257 755
258 564
260 750
260 314
260 495
260 757
260 601
260 491
260 654
260 403
260 702
260 642
260 308
260 434
260 741
260 380
260 409
260 787
260 494
260 706
260 301
260 287
260 640
260 489
260 316
260 368
260 426
260 475
260 496
260 637
260 755
260 769
261 313
261 780
262 534
262 593
263 427
263 411
264 272
264 579
265 541
265 771
265 278
265 475
265 524
266 806
266 547
267 292
267 355
267 484
267 383
269 495
269 519
269 543
269 491
269 301
269 449
269 504
269 764
269 385
269 390
269 446
269 537
269 630
269 765
270 376
270 793
270 365
271 343
271 495
271 550
271 602
272 602
272 787
272 794
272 706
272 286
272 403
272 688
272 343
272 390
272 547
272 550
272 695
272 715
272 780
273 345
273 750
273 744
273 543
273 532
273 513
273 632
273 600
273 626
273 308
273 509
273 368
273 407
273 787
273 706
273 718
273 316
273 364
273 369
273 374
273 377
273 445
273 479
273 496
273 528
273 731
273 755
273 792
274 587
274 682
275 491
276 768
277 783
277 294
277 286
278 475
278 716
278 317
278 503
278 489
278 395
278 706
278 801
279 776
279 520
280 624
280 589
280 706
280 647
280 409
280 491
280 694
281 365
282 584
283 543
283 750
284 410
285 323
285 700
285 502
286 363
286 558
286 720
286 722
286 484
286 683
286 638
286 686
286 688
286 780
286 355
286 356
286 372
286 407
286 523
286 676
286 723
287 317
287 348
288 290
288 767
288 787
289 447
289 409
289 491
289 316
289 706
289 555
289 317
289 647
289 635
289 757
289 546
290 490
290 767
291 360
291 779
292 776
293 558
293 400
293 421
294 454
294 619
294 749
294 300
294 535
294 547
294 783
294 499
294 517
294 780
294 688
294 395
294 540
294 602
294 690
295 602
295 425
295 750
295 405
295 498
295 350
297 542
297 734
297 706
297 787
298 524
298 745
298 317
298 693
298 325
298 471
298 741
299 683
299 780
299 809
299 353
300 535
300 794
301 652
301 589
301 462
301 495
301 543
301 491
301 806
301 688
301 602
301 409
301 706
301 490
301 503
301 640
301 311
301 314
301 316
301 367
301 368
301 399
301 451
301 474
301 515
301 537
301 571
301 586
301 639
301 681
301 694
301 738
301 750
301 768
302 360
302 741
303 554
304 720
305 453
305 614
307 680
308 532
308 491
308 397
308 409
308 706
308 490
308 351
308 757
308 461
308 601
309 705
310 758
310 567
310 554
311 368
311 330
311 409
311 491
311 639
311 490
311 443
311 741
311 496
312 806
312 347
312 441
312 716
312 723
313 780
314 578
314 562
314 409
314 744
314 515
314 412
314 694
314 731
315 339
316 652
316 580
316 491
316 806
316 654
316 574
316 434
316 810
316 443
316 735
316 571
316 330
316 409
316 605
316 706
316 490
316 640
316 635
316 475
316 509
316 537
316 543
316 572
316 736
316 754
316 761
316 792
317 447
317 470
317 691
317 355
317 527
317 562
317 774
317 337
317 806
317 333
317 525
317 512
317 729
317 538
317 780
317 368
317 409
317 322
317 371
317 402
317 407
317 603
317 607
317 640
317 748
317 760
317 811
318 713
319 468
321 797
321 560
321 344
323 700
324 382
324 778
325 422
325 471
325 803
325 640
326 368
326 409
326 786
326 486
326 640
327 562
328 543
328 601
329 388
329 562
329 409
329 450
329 561
330 578
330 570
330 368
330 409
330 490
330 640
330 614
330 694
330 792
331 750
332 514
332 408
332 372
334 734
335 493
336 724
336 532
336 368
336 720
336 710
336 682
336 411
336 743
336 360
337 409
338 607
338 402
338 371
338 806
338 355
338 407
338 530
338 592
338 691
339 682
339 495
339 688
339 658
340 501
340 543
340 390
341 389
341 780
341 663
341 688
343 544
343 495
344 670
344 752
344 763
345 602
345 346
345 755
345 787
345 792
345 706
345 600
345 351
345 493
345 405
346 706
347 713
347 576
347 372
347 531
348 589
349 549
349 526
349 688
350 728
350 425
350 750
350 405
350 498
350 477
351 713
351 593
351 705
351 706
351 551
351 493
351 540
351 563
351 605
351 611
351 614
351 685
352 720
352 368
352 508
354 706
354 614
355 713
355 408
355 562
355 524
355 618
355 806
355 531
355 553
355 653
355 780
355 612
355 407
355 508
355 709
356 452
356 780
356 510
356 713
357 403
358 491
358 494
358 490
358 426
358 640
358 660
358 803
359 405
360 570
360 368
360 787
360 706
360 434
360 595
360 635
360 744
360 779
361 728
361 645
361 392
361 721
361 475
361 406
361 696
361 624
361 460
361 751
361 404
362 452
363 558
363 494
363 686
363 780
363 806
364 409
365 440
366 640
367 731
367 451
367 490
367 589
367 763
367 467
367 498
367 699
368 731
368 664
368 786
368 744
368 515
368 724
368 491
368 811
368 388
368 787
368 409
368 738
368 706
368 639
368 490
368 640
368 636
368 379
368 399
368 426
368 428
368 434
368 475
368 496
368 556
368 570
368 571
368 586
368 645
368 694
368 726
368 741
368 757
368 789
369 491
369 505
369 554
370 709
371 806
372 558
372 722
372 638
372 783
372 547
372 806
372 452
372 719
372 531
372 553
372 517
372 780
372 485
372 576
372 411
372 747
373 552
374 407
374 634
374 806
374 589
374 584
375 409
376 793
376 625
377 806
377 643
377 415
377 434
377 493
377 751
377 509
377 409
377 787
377 475
377 706
377 718
377 642
377 727
378 578
379 786
380 490
380 640
381 562
381 699
381 405
381 763
381 477
381 489
382 632
382 746
383 776
383 625
384 465
385 597
385 565
385 390
385 504
385 708
385 756
386 497
386 658
387 634
387 482
387 559
387 802
388 525
390 598
390 652
390 504
390 497
390 597
390 734
390 756
391 666
391 394
391 495
391 458
391 614
392 721
392 460
392 759
392 406
393 529
395 409
395 706
395 682
395 489
395 780
395 614
396 707
397 447
397 562
397 783
397 475
397 589
398 649
398 663
398 658
398 688
399 806
399 490
399 647
399 695
399 750
400 421
400 733
400 657
400 594
400 689
400 646
400 457
400 633
401 431
401 504
402 562
402 806
402 489
402 571
402 801
403 495
403 414
404 607
404 728
404 721
404 422
404 751
404 741
405 787
405 451
405 477
405 414
405 425
405 498
405 582
406 645
406 721
406 460
406 741
407 634
407 543
407 669
407 806
407 514
407 561
407 618
407 780
407 411
407 569
407 479
407 523
407 582
408 562
408 748
408 806
408 716
408 780
408 411
408 498
408 527
408 612
408 642
408 653
408 809
409 750
409 589
409 647
409 757
409 543
409 562
409 491
409 654
409 676
409 443
409 741
409 787
409 738
409 475
409 422
409 706
409 624
409 490
409 640
409 636
409 489
409 416
409 427
409 428
409 450
409 479
409 494
409 496
409 509
409 529
409 556
409 570
409 580
409 602
409 605
409 610
409 614
409 622
409 635
409 639
409 648
409 665
409 693
409 694
409 702
409 731
409 736
409 754
409 761
409 786
409 789
409 792
409 801
410 653
411 758
411 734
411 806
411 553
411 561
411 780
411 543
411 448
411 513
412 572
413 709
414 477
414 688
416 678
416 737
416 625
416 752
416 483
416 540
416 635
417 750
417 439
418 494
419 712
420 734
420 543
420 665
420 764
421 457
422 602
422 475
422 639
422 426
422 567
422 741
422 769
423 525
424 737
424 755
424 475
424 740
424 489
424 655
425 498
426 602
426 491
426 706
426 714
426 460
426 797
427 550
427 489
427 443
427 632
428 580
428 786
428 624
428 640
428 496
429 658
429 768
430 567
431 688
432 556
432 806
432 647
433 658
433 487
434 761
434 642
434 736
434 509
434 754
434 475
434 706
434 489
434 635
435 729
435 649
435 495
435 766
436 668
436 711
437 491
437 692
438 495
438 534
439 750
443 651
443 731
443 753
443 791
443 599
443 661
443 614
443 543
443 490
443 600
444 640
446 655
446 504
446 572
447 602
447 524
447 562
447 729
447 622
447 655
450 555
450 628
451 521
451 810
451 589
451 520
451 648
452 780
452 713
454 734
454 769
455 627
456 659
456 586
456 768
457 665
457 670
457 681
457 796
458 614
460 728
460 721
460 696
460 759
460 645
461 748
462 569
464 640
464 574
465 811
465 614
465 630
466 501
467 702
467 696
467 477
468 772
468 572
468 655
469 500
469 688
469 768
471 730
471 803
472 706
472 675
472 573
472 631
473 781
474 578
474 731
475 755
475 634
475 506
475 589
475 757
475 532
475 562
475 491
475 572
475 654
475 702
475 555
475 714
475 780
475 655
475 787
475 706
475 489
475 496
475 509
475 540
475 636
475 721
475 736
475 740
475 754
475 761
475 801
476 584
476 731
477 602
477 696
477 763
477 498
478 536
478 798
479 789
479 652
480 735
480 504
482 634
482 806
483 678
483 735
483 625
484 809
484 706
484 723
485 638
485 507
485 553
485 716
486 640
487 602
487 543
489 755
489 529
489 562
489 491
489 806
489 714
489 642
489 493
489 741
489 706
489 571
490 640
490 532
490 562
490 491
490 806
490 741
490 780
490 757
490 496
490 537
490 636
490 639
490 694
490 750
490 758
490 786
490 789
491 580
491 552
491 755
491 706
491 624
491 589
491 640
491 540
491 543
491 547
491 636
491 652
491 656
491 694
491 724
491 750
491 801
492 609
493 685
493 562
493 787
493 605
493 642
493 540
493 643
493 668
493 498
493 509
493 533
493 537
493 706
493 754
494 640
494 561
494 588
495 602
495 649
495 766
495 695
495 688
495 768
496 601
496 787
496 706
496 639
496 640
496 727
496 803
497 655
497 504
497 801
498 728
498 704
498 562
498 750
498 699
498 763
499 535
500 688
501 587
502 700
502 801
503 705
503 810
503 735
503 792
503 614
504 542
504 734
504 658
504 543
504 652
504 701
504 780
505 706
505 545
505 614
506 709
506 617
507 618
507 716
509 754
509 702
509 761
509 706
509 736
509 735
509 567
510 738
511 715
513 558
513 553
513 686
513 780
514 771
514 745
514 709
514 628
514 527
514 531
514 634
514 703
514 720
515 731
516 670
517 547
517 535
517 619
518 602
518 729
519 650
520 750
520 811
523 559
524 527
524 763
524 568
524 592
524 640
524 729
525 640
526 739
527 562
528 532
529 685
529 562
530 776
531 806
532 561
532 556
533 540
533 601
534 602
534 593
534 551
535 794
535 667
535 547
535 619
535 690
535 707
535 742
535 780
535 785
536 798
537 787
537 706
537 810
537 635
537 735
538 562
539 542
539 567
539 762
540 543
540 702
540 734
540 660
540 655
540 685
540 706
540 635
540 572
540 743
541 561
541 562
542 666
542 655
542 685
542 706
543 782
543 652
543 750
543 613
543 695
543 757
543 591
543 734
543 573
543 567
543 685
543 787
543 550
543 706
543 661
543 563
543 569
543 586
543 602
543 680
543 702
543 755
543 807
544 556
545 581
545 706
546 635
546 652
547 783
547 780
547 619
547 690
548 709
550 764
550 688
551 593
552 571
552 741
553 638
553 653
553 720
553 723
554 578
554 687
554 562
554 567
554 586
555 622
555 801
556 589
557 706
557 642
557 727
558 720
558 783
558 686
558 780
558 577
558 628
558 690
558 722
558 723
558 809
561 634
561 748
561 776
561 771
561 780
561 586
561 724
562 731
562 607
562 643
562 676
562 622
562 714
562 642
562 780
562 738
562 776
562 596
562 602
562 603
562 694
562 706
562 729
562 760
562 763
562 774
562 811
563 702
563 706
563 727
564 706
565 575
565 788
565 688
565 572
565 805
566 608
569 637
570 634
570 654
570 640
571 605
571 781
571 642
572 655
572 787
572 706
572 734
573 674
573 711
573 734
573 671
573 782
574 600
575 613
578 751
578 651
578 694
579 641
580 589
580 757
582 670
584 670
584 699
584 731
586 768
587 787
587 657
587 687
589 634
589 647
589 694
589 706
589 624
589 640
589 748
589 757
590 673
591 672
592 653
595 787
597 756
599 795
601 713
601 640
601 803
602 750
602 780
602 787
602 643
602 744
602 775
603 806
604 640
605 706
606 777
607 640
608 640
608 803
611 770
612 618
612 716
612 780
612 806
613 734
613 701
614 666
614 714
614 741
614 792
614 706
617 763
618 806
619 780
620 781
620 678
621 735
622 738
624 625
624 694
624 706
625 713
627 678
627 658
628 653
629 695
634 806
634 716
634 758
635 685
635 787
635 706
635 736
636 645
636 705
639 787
639 694
639 797
640 789
640 786
640 684
640 656
640 654
640 693
640 797
640 698
640 713
640 717
640 761
640 787
640 795
640 803
640 811
642 806
642 714
642 643
644 804
645 728
645 696
647 810
647 694
649 766
650 787
651 687
651 753
651 760
651 795
652 713
652 760
652 782
652 793
652 801
653 806
653 673
654 699
654 702
654 721
655 706
655 734
656 706
656 799
657 706
657 787
658 688
660 706
663 688
663 768
665 734
665 810
665 706
667 682
668 810
671 734
672 688
672 715
673 806
676 786
677 715
677 688
678 760
681 806
681 688
682 715
682 805
683 780
685 706
685 726
686 720
687 722
688 695
688 768
688 751
688 780
688 689
690 783
690 785
693 712
693 759
694 714
694 706
697 710
699 763
700 801
701 760
702 706
702 736
702 754
702 761
706 761
706 808
706 736
706 735
706 787
706 754
706 801
706 727
706 755
706 810
709 748
712 776
714 811
715 787
716 794
719 783
720 780
720 722
721 759
722 806
722 780
722 783
722 809
725 746
727 758
727 751
728 763
729 738
731 738
732 756
734 782
734 764
735 736
735 754
735 761
735 773
736 754
736 761
737 752
741 787
742 749
742 780
743 808
743 801
744 787
749 780
749 783
750 780
750 799
750 787
751 759
754 761
755 801
758 780
764 787
775 787
776 806
778 799
780 783
780 806
780 794
780 809
782 793
783 806
783 809
784 811
785 794
786 789
787 808
787 792
792 810
801 808
